layout_spectrum: 1
typography_spectrum: 0.5332975
color:
  saturation: 0.7459721
  lightness: 0.6858217
  brandStrength: 0.3521412
  rhythmicContrast: 0.9210526
name: philip cornett
